// Simon
// texture
0 5 Textures\simondeath.png
// sprite
1 1000 0 0 32 34
// texture
0 1 Textures\Simon_extra.png
// sprite
1 1050 69 0 89 34
1 1051 91 0 111 34
// texture
0 0 Textures\simon.png
// sprite
1 1001 5 0 30 33
1 1002 35 0 60 33
1 1003 65 0 90 33
1 1004 95 0 120 33
1 1005 125 0 150 33
1 1006 155 0 180 33
1 1007 185 0 210 33
1 1008 215 0 240 33
1 1009 245 0 270 33
1 1010 275 0 300 33
1 1011 305 0 330 33
1 1012 335 0 360 33
1 1013 365 0 390 33
1 1014 395 0 420 33
1 1015 425 0 450 33
1 1016 455 0 480 33
1 1017 5 33 30 66
1 1018 35 33 60 66
1 1019 65 33 90 66
1 1020 95 33 120 66
1 1021 125 33 150 66
1 1022 155 33 180 66
1 1023 185 33 210 66
1 1024 215 33 240 66
1 1025 245 33 270 66
1 1026 275 33 300 66
1 1027 305 33 330 66
1 1028 335 33 360 66
1 1029 365 33 390 66
1 1030 395 33 420 66
1 1031 425 33 450 66
1 1032 455 33 480 66
1 1033 5 66 30 99
1 1034 35 66 60 99
1 1035 65 66 90 99
1 1036 95 66 120 99
1 1037 125 66 150 99
1 1038 155 66 180 99
1 1039 185 66 210 99
1 1040 215 66 240 99
1 1041 245 66 270 99
1 1042 275 66 300 99
1 1043 305 66 330 99
1 1044 335 66 360 99
1 1045 365 66 390 99
1 1046 395 66 420 99
1 1047 425 66 450 99
1 1048 455 66 480 99
// animation
2 100 100 1018
2 101 100 1016
2 102 100 1001
2 103 100 1012
2 104 100 1005
2 105 75 1013 1014 1015 1016
2 106 75 1004 1003 1002 1001
2 107 150 1011 1010 1009
2 108 150 1006 1007 1008
2 109 100 1000
2 110 300 1012
2 111 300 1005
2 112 300 1028
2 113 100 1021
2 114 100 1030
2 115 100 1019
2 116 75 1027 1028 1029
2 117 75 1020 1021 1022
2 118 100 1030 1029
2 119 100 1019 1020
2 120 100 1017
2 121 100 1032
2 122 100 1050
2 123 100 1051

// UI
// texture
0 10 Textures\blackboard.png
// sprite
1 20000 0 0 50 24
// animation
2 2000 100 20000

// texture
0 11 Textures\heal.png
// sprite
1 20001 1 0 5 8
1 20002 7 0 11 8
1 20003 13 0 17 8
// animation
2 2001 100 20001
2 2002 100 20002
2 2003 100 20003

// zomebie
// texture
0 60 Textures\enemy\1.png
// sprite
1 6000 0 0 16 32
1 6001 18 0 33 32
1 6002 34 0 49 32
1 6003 52 0 67 32
// animation
2 6000 100 6000 6001
2 6001 100 6002 6003

// dog
// texture
0 61 Textures\enemy\2.png
// sprite
1 6010 0 0 24 16
1 6011 31 0 60 16
1 6012 63 0 94 16
1 6013 95 0 127 16
1 6014 128 0 160 16
1 6015 161 0 192 16
1 6016 195 0 224 16
1 6017 231 0 256 16
// animation
2 6010 100 6010
2 6011 100 6011 6012 6013
2 6012 100 6016 6015 6014
2 6014 100 6013
2 6015 100 6014

// bat
// texture
0 62 Textures\enemy\0.png
// sprite
1 6020 0 0 15 16
1 6021 16 0 31 16
1 6022 32 0 47 16
1 6023 48 0 63 16
1 6024 64 0 79 16
1 6025 80 0 95 16
1 6026 96 0 111 16
// animation
2 6020 100 6020
2 6021 100 6021 6022 6023
2 6022 100 6026 6025 6024

// fish
// texture
0 63 Textures\enemy\3.png
// sprite
1 6030 0 0 15 32
1 6031 16 0 31 32
1 6032 32 0 47 32
1 6033 48 0 63 32
1 6034 64 0 79 32
1 6035 80 0 95 32
// animation
2 6030 100 6031
2 6031 100 6034
2 6032 100 6031 6032
2 6033 100 6034 6033
2 6034 100 6030
2 6035 100 6035

// boss
// texture
0 64 Textures\boss\0.png
// sprite
1 6040 0 0 47 23 
1 6041 48 0 95 23 
1 6042 96 0 144 23 
1 6043 0 28 24 61 
1 6044 30 28 54 61 
1 6045 61 28 85 61 
// animation
2 6040 100 6040
2 6041 100 6041 6042
2 6042 100 6043 6044 6045

// small heart item
// texture
0 700 Textures\item\0.png
// sprite
1 70000 0 0 8 8 
// animation
2 7000 100 70000

// big heart item
// texture
0 701 Textures\item\1.png
// sprite
1 70001 0 0 12 10 
// animation
2 7001 100 70001

// money bag item
// texture
0 702 Textures\item\2.png
// sprite
1 70020 0 0 14 15
1 70021 15 0 29 15
1 70022 30 0 45 15
// animation
2 70020 100 70020
2 70021 100 70021
2 70022 100 70022

// morningstar item
// texture
0 703 Textures\item\3.png
// sprite
1 70003 0 0 16 16 
// animation
2 7003 100 70003

// sword item
// texture
0 704 Textures\item\4.png
// sprite
1 70004 0 0 16 9 
// animation
2 7004 100 70004

// clock item
// texture
0 705 Textures\item\5.png
// sprite
1 70005 0 0 15 16
// animation
2 7005 100 70005

// thanh gia item
// texture
0 706 Textures\item\6.png
// sprite
1 70006 0 0 16 16
// animation
2 7006 100 70006

// axe item
// texture
0 707 Textures\item\7.png
// sprite
1 70007 0 0 15 14
// animation
2 7007 100 70007

// fire bottle item
// texture
0 708 Textures\item\9.png
// sprite
1 70008 0 0 16 16
// animation
2 7008 100 70008

// chicken item
// texture
0 709 Textures\item\10.png
// sprite
1 70009 0 0 16 13
// animation
2 7009 100 70009

// invi potion item
// texture
0 717 Textures\item\14.png
// sprite
1 70010 0 0 16 13
// animation
2 7010 100 70010

// weapon sword 
// texture
0 713 Textures\weapon\1.png
// sprite
1 70013 0 0 16 9
1 70017 16 0 32 9
// animation
2 7013 100 70013
2 7017 100 70017

// weapon fire bottle 
// texture
0 714 Textures\weapon\2.png
// sprite
1 70014 0 0 12 10
1 70018 16 -4 31 13
1 70019 32 -4 48 13
1 70020 50 0 61 10
// animation
2 7014 100 70014
2 7018 100 70020
2 7019 100 70018 70019

// weapon axe
// texture
0 715 Textures\weapon\3.png
// sprite
1 70015 0 0 15 14
1 70021 16 0 29 14
1 70022 30 0 44 14
1 70023 45 0 60 14
// animation
2 7015 100 70015 70021 70022 70023
2 7020 100 70021 70015 70023 70022

// effect
// texture
0 130 Textures\other\3.png
// sprite
1 13000 0 0 7 8
// animation
2 1300 100 13000

// texture
0 131 Textures\other\2.png
// sprite
1 13001 0 0 7 14
// animation
2 1301 100 13001

// texture
0 132 Textures\other\fireball.png
// sprite
1 13002 0 0 7 6
1 13003 7 0 14 6
// animation
2 1302 100 13002
2 1303 100 13003

// texture
0 52 Textures\other\1.png
// sprite
1 5004 0 5 7 20
1 5005 16 2 20 20
1 5006 36 3 43 20
1 5007 56 0 65 20
// animation
2 502 50 5004 5005 5006 5007

// bbBox
// texture
0 -100 Textures\bbox.png

// brick
// texture
0 20 Textures\ground\2.png
// sprite
1 2000 0 0 16 16
// animation
2 200 100 2000

// texture
0 22 Textures\ground\2-2.png
// sprite
1 2001 0 0 16 15
// animation
2 201 100 2001

// texture
0 23 Textures\ground\8.png
// sprite
1 2002 0 0 8 8
// animation
2 202 100 2002

// texture
0 24 Textures\ground\85.png
// sprite
1 2003 0 0 8 8
// animation
2 203 100 2003

// texture
0 25 Textures\ground\86.png
// sprite
1 2004 0 0 16 16
// animation
2 204 100 2004

// mics
// texture
0 50 Textures\ground\0.png
// sprite
1 5000 0 0 16 32 
1 5001 16 0 32 32 
// animation
2 500 100 5000 5001

// texture
0 51 Textures\ground\1.png
// sprite
1 5002 0 0 8 16
1 5003 8 0 16 16
// animation
2 501 100 5002 5003

// morningstars
// texture
0 40 Textures\morningstar.png
// sprite
1 4000 20 0 76 33
1 4001 95 -1 156 25
1 4002 173 2 200 17
1 4003 560 1 572 33
1 4004 481 -1 500 25
1 4005 408 0 464 16
1 4006 20 35 76 68
1 4007 95 34 156 60
1 4008 173 37 200 52
1 4009 560 36 572 68
1 4010 481 34 500 60
1 4011 408 35 464 51
1 4012 3 69 76 102
1 4013 78 68 156 95
1 4014 158 70 200 87
1 4015 560 70 572 103
1 4016 481 68 500 95
1 4017 408 69 480 86
// animation
2 400 150 4000 4001 4002
2 401 150 4003 4004 4005
2 402 150 4006 4007 4008
2 403 150 4009 4010 4011
2 404 150 4012 4013 4014
2 405 150 4015 4016 4017