2 1 0 201 -1
2 1 16 201 -1
2 1 32 201 -1
2 1 48 201 -1
2 1 64 201 -1
2 1 80 201 -1
2 1 96 201 -1
2 1 112 201 -1
2 1 128 201 -1
2 1 144 201 -1
2 1 160 201 -1
2 1 176 201 -1
2 1 192 201 -1
2 1 208 201 -1
2 1 224 201 -1
2 1 240 201 -1
2 1 256 201 -1
2 1 272 201 -1
2 1 288 201 -1
2 1 304 201 -1
2 1 320 201 -1
2 1 336 201 -1
2 1 352 201 -1
2 1 368 201 -1
2 1 384 201 -1
2 1 400 201 -1
2 1 416 201 -1
2 1 432 201 -1
2 1 448 201 -1
2 1 464 201 -1
2 1 480 201 -1
2 1 496 201 -1
2 1 512 201 -1
2 1 528 201 -1
2 1 544 201 -1
2 1 560 201 -1
2 1 576 201 -1
2 1 592 201 -1
2 1 608 201 -1
2 1 624 201 -1
2 1 640 201 -1
2 1 656 201 -1
2 1 672 201 -1
2 1 688 201 -1
2 1 704 201 -1
2 1 720 201 -1
2 1 736 201 -1
2 1 752 201 -1
2 1 768 201 -1
2 1 784 201 -1
2 1 800 201 -1
2 1 816 201 -1
2 1 832 201 -1
2 1 848 201 -1
2 1 864 201 -1
2 1 880 201 -1
2 1 896 201 -1
2 1 912 201 -1
2 1 928 201 -1
2 1 944 201 -1
2 1 960 201 -1
2 1 976 201 -1
2 1 992 201 -1
2 1 1008 201 -1
2 1 1024 201 -1
2 1 1040 201 -1
2 1 1056 201 -1
2 1 1072 201 -1
2 1 1088 201 -1
2 1 1104 201 -1
2 1 1120 201 -1
2 1 1136 201 -1
2 1 1152 201 -1
2 1 1168 201 -1
2 1 1184 201 -1
2 1 1200 201 -1
2 1 1216 201 -1
2 1 1232 201 -1
2 1 1248 201 -1
2 1 1264 201 -1
2 1 1280 201 -1
2 1 1296 201 -1
2 1 1312 201 -1
2 1 1328 201 -1
2 1 1344 201 -1
2 1 1360 201 -1
2 1 1376 201 -1
2 1 1392 201 -1
2 1 1408 201 -1
2 1 1424 201 -1
2 1 1440 201 -1
2 1 1456 201 -1
2 1 1472 201 -1
2 1 1488 201 -1
2 1 1504 201 -1
2 1 1520 201 -1
2 1 688 138 -1
2 1 704 138 -1
2 1 720 138 -1
2 1 752 106 -1
2 1 768 106 -1
2 1 784 106 -1
2 1 800 106 -1
2 1 816 106 -1
2 1 832 106 -1
2 1 848 106 -1
2 1 864 106 -1
2 1 880 106 -1
2 1 896 106 -1
2 1 928 138 -1
2 1 944 138 -1
2 1 960 138 -1
2 1 976 138 -1
2 1 992 138 -1
2 1 1008 137 21
2 1 1664 138 -1
2 1 1680 138 -1
2 1 1696 138 -1
2 1 1392 106 -1
2 1 1408 106 -1
2 1 1424 106 -1
2 1 1440 106 -1
2 1 1456 106 -1
2 1 1472 106 -1
2 1 1488 106 -1
2 1 1504 106 -1
2 1 1520 106 -1
2 1 1536 106 -1
2 1 1552 106 -1
2 1 1568 106 -1
2 1 1584 106 -1
2 1 1600 106 -1
2 1 1616 106 -1
2 1 1632 106 -1
2 1 1648 106 -1
2 2 1528 193 -1
2 2 1528 185 -1
2 2 1528 177 -1
2 2 1528 169 -1
2 2 1528 161 -1
2 2 1528 153 -1
2 2 1528 145 -1
2 2 1528 137 -1
2 2 1528 129 -1
2 2 1528 121 -1
2 2 1536 193 -1
2 2 1536 185 -1
2 2 1536 177 -1
2 2 1536 169 -1
2 2 1536 161 -1
2 2 1536 153 -1
2 2 1536 145 -1
2 2 1536 137 -1
2 2 1536 129 -1
2 2 1536 121 -1
2 2 1528 48 -1
2 2 1528 40 -1
2 2 1536 48 -1
2 2 1536 40 -1
5 2 21 28 169
5 2 0 156 169
5 2 0 284 169
5 2 0 412 169
5 2 0 540 169
5 2 0 92 137
5 2 5 220 137
5 2 0 348 137
5 2 20 476 137
5 2 0 604 137
5 2 0 682 96
5 2 8 796 50
5 2 0 1054 169
5 2 0 1118 169
5 2 0 1182 169
5 2 0 1246 169
5 2 0 1310 169
5 2 0 1366 140
5 2 0 1436 80
5 2 6 1496 50
6 300 167 -1
6 320 167 -1
6 340 167 -1
6 500 167 -1
6 520 167 -1
6 540 167 -1
6 740 167 -1
6 760 167 -1
6 780 167 -1
6 780 167 -1
6 940 167 -1
6 960 167 -1
6 1180 167 -1
6 1160 167 -1
6 1140 167 -1
6 1100 167 -1
6 1080 167 -1
6 1060 167 -1
6 1080 167 1
6 1060 167 1
6 1000 167 1
6 920 167 1
6 840 167 1
6 760 167 1
6 0 167 1
6 0 167 1
6 0 167 1
7 688 122 -1 4
7 896 89 -1 150
7 928 122 -1 4
12 624 200 1 64
12 720 136 1 32
12 922 136 -1 32
12 1296 200 1 96