2 0 0 185 -1
2 0 16 185 -1
2 0 32 185 -1
2 0 48 185 -1
2 0 64 185 -1
2 0 80 185 -1
2 0 96 185 -1
2 0 112 185 -1
2 0 128 185 -1
2 0 144 185 -1
2 0 160 185 -1
2 0 176 185 -1
2 0 192 185 -1
2 0 208 185 -1
2 0 224 185 -1
2 0 240 185 -1
2 0 256 185 -1
2 0 272 185 -1
2 0 288 185 -1
2 0 304 185 -1
2 0 320 185 -1
2 0 336 185 -1
2 0 352 185 -1
2 0 368 185 -1
2 0 384 185 -1
2 0 400 185 -1
2 0 416 185 -1
2 0 432 185 -1
2 0 448 185 -1
2 0 464 185 -1
2 0 480 185 -1
2 0 496 185 -1
2 0 512 185 -1
2 0 528 185 -1
2 0 544 185 -1
2 0 560 185 -1
2 0 576 185 -1
2 0 592 185 -1
2 0 608 185 -1
2 0 624 185 -1
2 0 640 185 -1
2 0 656 185 -1
2 0 672 185 -1
2 0 688 185 -1
2 0 704 185 -1
2 0 720 185 -1
2 0 736 185 -1
2 0 752 185 -1
5 1 1 88 153
5 1 3 216 153
5 1 3 344 153
5 1 1 472 153
5 1 4 600 153