2 1 0 105 -1
2 1 16 105 -1
2 1 32 105 -1
2 1 48 105 -1
2 1 64 105 -1
2 1 80 105 -1
2 1 96 105 -1
2 1 0 201 -1
2 1 16 201 -1
2 1 32 201 -1
2 1 48 201 -1
2 1 64 201 -1
2 1 80 201 -1
2 1 96 201 -1
2 1 112 201 -1
2 1 128 201 -1
2 1 144 201 -1
2 1 160 201 -1
2 1 176 201 -1
2 1 192 201 -1
2 1 208 201 -1
2 1 224 201 -1
2 1 240 201 -1
2 1 256 201 -1
2 1 272 201 -1
2 1 288 201 -1
2 1 304 201 -1
2 1 320 201 -1
2 1 336 201 -1
2 1 352 201 -1
2 1 368 201 -1
2 1 384 201 -1
2 1 400 201 -1
2 1 416 201 -1
2 1 432 201 -1
2 1 448 201 -1
2 1 464 201 -1
2 1 480 201 -1
2 1 496 201 -1
2 1 512 201 -1
2 1 528 201 -1
2 1 544 201 -1
2 1 560 201 -1
2 1 576 201 -1
2 1 592 201 -1
2 1 608 201 -1
2 1 624 201 -1
2 1 640 201 -1
2 1 656 201 -1
2 1 672 201 -1
2 1 688 201 -1
2 1 704 201 -1
2 1 720 201 -1
2 1 736 201 -1
2 1 752 201 -1
2 1 768 201 -1
2 1 784 201 -1
2 1 672 169 -1
2 1 720 137 -1
2 1 736 137 -1
2 1 752 137 -1
2 1 128 137 -1
2 1 144 137 -1
2 1 160 137 -1
2 1 176 137 -1
2 1 192 137 -1
2 1 208 137 -1
2 1 224 137 -1
2 1 240 137 -1
2 1 256 137 -1
2 1 272 137 -1
2 1 288 137 -1 
2 1 688 169 -2
6 0 165 1
6 20 165 1
6 40 165 1
6 400 165 1
6 480 165 1
6 560 165 1
6 300 165 -1
6 320 165 -1
6 340 165 -1
6 500 165 -1
6 520 165 -1
6 540 165 -1
15 60 40
5 2 20 88 64
5 2 0 156 108
5 2 10 220 64
5 2 7 348 140
5 2 1 28 140
5 2 0 288 172
5 2 0 408 172
5 2 0 480 172
5 2 1 540 140 
5 2 0 600 172
5 2 20 666 140
5 2 1 732 140
12 126 137 -1 32
12 350 200 -1 64
12 688 168 1 32