2 1 0 120 -1
2 1 16 120 -1
2 1 32 120 -1
2 1 48 120 -1
2 1 64 120 -1
2 1 80 120 -1
2 1 96 120 -1
2 1 112 120 -1
2 1 128 120 -1
2 1 144 120 -1
2 1 160 120 -1
2 1 176 120 -1
2 1 192 120 -1
2 1 208 120 -1
2 1 96 88 -1
2 1 112 88 -1
2 1 256 120 -1
2 1 272 120 -1
2 1 320 120 -1
2 1 336 120 -1
2 1 352 120 -1
2 1 368 120 -1
2 1 384 120 -1
2 1 400 120 -1
2 1 416 120 -1
2 1 432 120 -1
2 1 448 120 -1
2 1 464 120 -2
2 1 480 152 -1
2 1 496 152 -1
2 1 448 184 -1
2 1 464 184 -1
2 2 504 40 -1
2 2 504 48 -1
2 2 504 56 -1
2 2 504 64 -1
2 2 504 72 -1
2 2 504 80 -1
2 2 504 88 -1
2 2 504 96 -1
2 2 504 104 -1
2 2 504 112 -1
2 2 504 120 -1
2 2 504 128 -1
2 2 504 136 -1
2 2 504 144 -1
9 10 190 1
9 82 190 -1
9 154 190 1
9 246 190 -1
9 328 190 1
9 400 190 -1
5 2 21 28 60 
5 2 0 92 60 
5 2 0 156 60 
5 2 21 220 60 
5 2 5 284 60 
5 2 0 348 60 
5 2 1 412 60 
5 2 0 476 60
12 78 88 -1 80
12 428 120 -1 80