2 2 0 48 -1
2 2 0 40 -1
2 2 0 193 -1
2 2 0 185 -1
2 2 0 177 -1
2 2 0 169 -1
2 2 0 161 -1
2 2 0 153 -1
2 2 0 145 -1
2 2 0 137 -1
2 2 0 129 -1
2 2 0 121 -1
2 1 0 105 -1
2 1 16 105 -1
2 1 32 105 -1
2 1 48 105 -1
2 1 64 105 -1
2 1 80 105 -1
2 1 96 105 -1
2 1 112 105 -1
2 1 128 137 -1
2 1 144 137 -1
2 1 160 137 -1
2 1 0 201 -1
2 1 16 201 -1
2 1 32 201 -1
2 1 64 201 -1
2 1 80 201 -1
2 1 96 201 -1
2 1 112 201 -1
2 1 128 201 -1
2 1 144 201 -1
2 1 160 201 -1
2 1 176 201 -1
2 1 192 201 -1
2 1 208 201 -1
2 1 224 201 -1
2 1 240 201 -1
2 2 256 160 -1
2 2 256 152 -1
2 2 256 144 -1
2 2 256 136 -1
2 2 256 128 -1
2 2 256 120 -1
2 2 256 209 -1
2 2 256 201 -1
2 2 264 209 -1
2 2 264 201 -1
2 2 272 208 -1
2 2 272 200 -1
2 2 272 192 -1
2 2 272 184 -1
2 2 272 176 -1
2 2 272 168 -1
2 2 264 120 -1
2 2 272 120 -1
2 2 280 120 -1
2 2 288 120 -1
2 2 296 120 -1
2 2 304 120 -1
2 2 312 120 -1
2 2 312 128 -1
2 2 312 136 -1
2 2 312 144 -1
2 2 312 152 -1
2 2 312 160 -1
2 2 312 168 -1
2 2 312 176 -1
2 2 312 184 -1
2 2 312 192 -1
2 2 504 120 -1
2 2 504 128 -1
2 2 504 136 -1
2 2 504 144 -1
2 2 504 152 -1
2 2 504 160 -1
2 2 504 168 -1
2 2 504 176 -1
2 2 504 184 -1
2 2 504 192 -1
2 1 320 121 -1
2 1 336 121 -1
2 1 320 201 -1
2 1 336 201 -1
2 1 352 201 -1
2 1 384 201 -1
2 1 400 201 -1
2 1 416 201 -1
2 1 432 201 -1
2 1 448 201 -1
2 1 464 201 -1
2 1 480 201 -1
2 1 496 201 -1
2 1 352 137 -1
2 1 368 137 -1
2 1 384 137 -1
2 1 416 105 -1
2 1 432 105 -1
2 1 448 105 -1
2 1 464 105 -1
2 1 480 105 -1
2 1 496 105 -1
2 1 480 40 -1
2 1 496 40 -1
2 4 256 168 -2
2 3 256 184 9
8 200 100 -1
8 0 180 1
8 300 100 1
8 525 100 -1
5 2 1 96 76
5 2 20 154 60
5 2 20 222 140
5 2 21 26 172
5 2 20 346 172
5 2 1 302 60
5 2 6 416 44
5 2 0 480 72
12 222 200 -1 64
12 62 226 -1 32
12 446 200 -1 64
12 382 226 -1 32
